80
631
161
137
123
138
1434
445
135
67
23
53
443
21
139
22
500
68
520
1900
25
4500
514
49152
162
69
5353
111
49154
3389
110
1701
998
996
997
999
3283
49153
445
1812
136
139
143
53
2222
135
3306
2049
32768
5060
8080
1025
1433
3456
80
1723
111
995
993
20031
1026
7
5900
1646
1645
593
1025
518
2048
626
1027
587
177
1719
427
497
8888
4444
1023
65024
199
19
9
49193
1029
1720
49
465
88
1028
17185
1718
49186
548
113
81
6001
2000
10000
31337
514
49201
49192
515
2223
443
5060
49181
179
1813
1026
120
158
2000
49200
8443
8000
3703
32815
17
32768
5000
32771
33281
554
1030
26
1022
1433
623
49152
32769
5632
10000
49194
49191
49182
49156
2001
9200
515
30718
49211
49190
49188
49185
5001
5355
8008
49154
32770
37444
34861
34555
1027
1032
4045
3130
1031
5666
646
49196
49158
37
2967
5000
4000
989
3659
5631
4672
34862
23
631
49153
8081
2049
88
49195
49189
49187
49162
79
